1000
81
58
38
13
27
26
99
73
83
18
50
51
18
44
65
97
94
67
70
23
15
21
5
63
84
77
19
25
32
45
10
39
54
28
49
28
30
99
12
94
56
99
50
94
50
51
74
1
30
92
64
78
98
84
33
11
22
59
52
5
44
53
51
7
54
15
45
90
4
91
49
38
96
23
69
40
64
32
61
69
33
11
17
19
72
80
89
87
94
28
48
99
40
90
99
9
63
55
9
50
81
10
67
62
98
13
49
40
52
14
8
18
30
47
41
3
69
84
93
53
88
73
24
60
93
85
35
69
85
78
34
78
66
1
9
48
8
59
73
1
69
48
34
68
84
79
14
65
11
62
98
87
10
77
22
78
47
42
99
3
87
21
7
60
50
67
98
64
79
28
39
87
3
16
47
32
67
50
100
91
59
9
37
84
82
4
17
30
78
52
10
9
11
26
10
53
17
44
18
26
32
8
39
97
28
54
39
69
22
41
61
51
21
74
91
77
69
30
98
40
92
49
94
60
42
78
35
93
72
46
40
89
21
73
18
6
80
41
42
21
75
73
45
53
56
42
83
6
65
21
17
61
100
89
79
76
1
79
27
75
58
78
69
61
95
73
66
18
8
83
83
75
51
95
92
75
48
24
81
25
6
27
73
61
15
81
3
68
91
64
55
98
36
8
50
15
79
14
27
50
96
17
88
79
45
32
27
14
35
87
1
14
63
3
43
97
81
85
19
6
68
85
86
45
84
24
83
95
54
49
30
49
84
34
63
10
13
81
90
42
33
41
29
48
60
43
4
56
86
78
83
82
99
56
63
30
74
67
39
1
5
5
99
96
29
62
15
58
49
19
6
6
25
89
88
8
56
70
11
96
31
27
34
24
30
29
26
68
30
50
31
71
80
14
42
40
72
35
58
11
71
42
93
22
22
63
73
15
55
88
42
55
62
55
38
11
65
23
100
6
28
48
78
66
60
17
89
9
76
21
3
67
49
37
98
49
28
35
75
7
91
56
70
86
23
47
5
48
60
51
10
12
10
6
50
92
86
61
66
16
71
76
72
58
27
17
2
67
70
76
9
92
34
84
14
65
18
37
70
66
21
32
16
30
33
59
86
59
4
75
21
70
47
11
94
45
20
16
95
72
38
85
68
94
70
92
42
13
4
91
71
79
29
73
48
45
40
88
90
15
86
51
62
14
23
57
51
27
46
63
40
37
73
38
38
40
88
24
93
97
35
35
38
73
14
5
61
85
15
83
14
86
17
74
66
16
24
36
17
48
58
63
6
66
13
80
68
60
58
93
98
82
78
40
13
13
86
62
8
51
57
15
67
43
90
60
47
87
99
90
99
50
60
63
41
48
49
88
54
98
88
5
60
48
8
90
9
28
26
46
45
14
100
40
85
29
4
38
44
43
8
12
75
99
33
89
59
47
1
22
90
36
62
89
83
95
32
59
55
7
97
89
48
32
22
3
52
6
86
11
34
87
76
52
61
77
6
68
73
82
70
13
1
28
18
41
10
30
10
9
54
25
43
90
15
34
51
25
8
39
22
32
18
42
53
85
10
42
86
71
90
88
32
1
55
35
42
53
61
89
96
8
52
71
39
49
34
11
75
22
56
38
45
5
66
79
54
95
76
66
87
14
15
37
38
85
13
9
74
97
63
71
17
1
18
28
34
58
87
3
99
70
3
93
100
17
67
98
94
52
81
69
87
32
43
29
19
1
78
6
64
50
27
95
7
40
51
33
55
82
71
75
65
93
62
31
95
75
31
53
88
64
54
27
44
24
41
55
69
74
26
58
92
14
30
24
25
98
38
29
66
65
56
69
57
18
91
76
64
48
32
63
44
44
47
78
24
46
31
64
87
44
97
99
97
70
23
28
93
25
3
25
53
13
40
98
55
87
65
42
50
95
6
49
68
97
12
36
80
24
32
92
89
28
71
57
6
51
81
66
15
40
77
5
54
63
78
74
12
68
13
38
72
93
91
40
74
92
93
52
21
40
77
1
52
47
24
97
28
34
69
51
65
58
92
84
86
71
31
25
26
34
2
75
95
56
100
78
1
95
58
41
90
58
78
86
79
88
19
80
16
46
54
59
72
55
89
12
83
52
74
78
83
79
40
71
40
21
34
62
83
50
64
75
51
85
5
78
49
82
17
90
94
87
9
64
55
55
33
29
48
62
78
16
35
18
82
51
66
1
89
28
12
95
100
66
24
57
47
15
72
26
15
46
4
92
3
88
95
93
85
60
20
87
44
8
5
11
78
94
